4079714634 04 1
4081356437 03 0
4015807139 04 1
4083340842 01 0
4023142508 02 0
4000108761 02 1
4049408184 05 1
4027542835 03 1
4005452106 02 0
4006814386 01 0
4070072958 05 0
4088856735 01 1
4078491139 01 1
4082797150 02 1
4019982402 02 0
4029222638 03 1
4060252050 04 1
4094299740 05 0
4037113172 04 1
4027983409 01 0
4003108761 02 1
4042408184 05 1
4022542835 03 1
4009452106 02 0
4012814386 01 0
4073072958 05 0
4081856735 01 1
4078491139 01 1
4097797150 02 1
4056982402 02 0
4021222638 03 1
4023252050 04 1
4012299740 05 0
4063113172 04 1
4087983409 01 0
4044513172 04 1
4027967409 01 0
4000198761 02 1
4049408184 05 1
4027542345 03 1